---
itamco_Haas:
  startTime: 2017-08-15T06:10Z
  startRUL: 29999747.539227806
  startSpindleCap: 24999.99961102651
  startPosCap: 124.99999907269951
itamco_DMG:
  startTime: 2017-08-15T06:10Z
  startRUL: 39999790.35259062
  startSpindleCap: 29999.99974370681
  startPosCap: 199.9999991218489
