---
itamco_Haas:
  startRUL: 431245.53119999997
  startSpindleCap: 1399.972987262403
  startPosCap: 499.991723764707
  startTime: 2017-09-08T21:23Z
itamco_DMG:
  startRUL: 432000.0
  startSpindleCap: 4000.0
  startPosCap: 4000.0
  startTime: 2017-09-08T21:22Z
